0	12	44	9.000000
1	0	9	2.000000
2	34	23	7.000000
3	35	58	7.000000
4	10	4	8.000000
5	46	59	7.000000
6	29	36	5.000000
7	38	56	2.000000
8	57	7	8.000000
9	6	19	4.000000
10	46	20	8.000000
11	38	42	1.000000
12	52	47	7.000000
13	3	11	8.000000
14	54	26	5.000000
15	1	35	6.000000
16	3	48	2.000000
17	39	22	1.000000
18	5	43	7.000000
19	43	41	3.000000
20	32	16	5.000000
21	56	21	5.000000
22	23	45	5.000000
23	18	52	3.000000
24	31	37	8.000000
25	55	39	8.000000
26	16	31	4.000000
27	45	31	5.000000
28	57	10	1.000000
29	20	40	9.000000
30	24	34	5.000000
31	9	38	10.000000
32	21	54	10.000000
33	58	16	3.000000
34	11	21	6.000000
35	38	47	7.000000
36	17	53	1.000000
37	33	15	2.000000
38	2	13	1.000000
39	50	17	1.000000
40	53	2	5.000000
41	49	2	8.000000
42	29	25	1.000000
43	46	4	4.000000
44	27	8	7.000000
45	12	34	7.000000
46	14	5	9.000000
47	20	19	8.000000
48	18	30	8.000000
49	15	57	7.000000
50	18	28	1.000000
51	27	5	2.000000
52	55	52	1.000000
53	48	5	7.000000
54	6	29	4.000000
55	2	26	9.000000
56	51	15	4.000000
57	32	51	9.000000
58	58	21	5.000000
59	10	2	5.000000
60	54	45	10.000000
61	25	7	9.000000
62	43	36	6.000000
63	8	35	1.000000
64	50	13	2.000000
65	9	48	3.000000
66	16	57	8.000000
67	40	58	4.000000
68	49	23	7.000000
69	6	7	10.000000
70	16	12	4.000000
71	18	25	1.000000
72	32	36	9.000000
73	13	33	5.000000
74	2	56	4.000000
75	2	29	5.000000
76	27	25	1.000000
77	14	48	4.000000
78	2	32	2.000000
79	43	19	8.000000
80	18	39	1.000000
81	11	59	4.000000
82	41	36	2.000000
83	17	28	1.000000
84	51	29	10.000000
85	33	47	7.000000
86	58	42	1.000000
87	24	2	6.000000
88	31	23	8.000000
89	15	5	6.000000
90  1   0   1.000000
91  0   30  3.000000
92  30  22  2.000000
93  22  50  5.000000
94  50  37  2.000000
95  37  44  3.000000
96  44  59  6.000000
97  19  14  5.000000
98  14  1   2.000000
99  41  8   1.000000
100 8   28  1.000000
101 28  55  1.000000
102 55  11  1.000000
103 11  4   1.000000
104 26  24  1.000000
105 24  33  1.000000
106 49  26  1.000000
107 39  37  1.000000
108 12  59  1.000000
