0	20	41	8.000000
1	47	21	6.000000
2	41	70	10.000000
3	69	32	2.000000
4	25	75	7.000000
5	88	16	4.000000
6	42	73	8.000000
7	84	74	6.000000
8	13	6	5.000000
9	17	46	10.000000
10	12	62	9.000000
11	83	54	8.000000
12	89	50	5.000000
13	29	56	9.000000
14	59	39	8.000000
15	0	36	3.000000
16	57	56	3.000000
17	65	83	5.000000
18	72	18	4.000000
19	81	3	4.000000
20	75	82	10.000000
21	1	74	6.000000
22	86	48	1.000000
23	64	53	3.000000
24	85	35	1.000000
25	68	74	8.000000
26	5	83	9.000000
27	61	4	8.000000
28	67	14	2.000000
29	46	10	6.000000
30	76	87	7.000000
31	15	45	1.000000
32	19	63	1.000000
33	47	34	8.000000
34	27	70	4.000000
35	38	47	7.000000
36	51	24	1.000000
37	26	59	3.000000
38	22	57	4.000000
39	62	26	7.000000
40	72	48	2.000000
41	30	87	2.000000
42	12	89	5.000000
43	5	43	7.000000
44	28	66	10.000000
45	33	74	2.000000
46	72	58	9.000000
47	2	76	5.000000
48	44	71	9.000000
49	69	23	2.000000
50	7	36	10.000000
51	41	10	10.000000
52	61	38	9.000000
53	71	45	10.000000
54	60	72	3.000000
55	78	88	1.000000
56	7	52	9.000000
57	47	75	3.000000
58	23	68	10.000000
59	16	11	10.000000
60	88	53	8.000000
61	55	42	6.000000
62	48	0	3.000000
63	65	48	8.000000
64	79	51	3.000000
65	66	49	6.000000
66	8	37	4.000000
67	56	37	4.000000
68	61	80	9.000000
69	48	35	8.000000
70	9	44	2.000000
71	44	40	10.000000
72	19	7	1.000000
73	31	81	6.000000
74	45	34	8.000000
75	77	25	3.000000
76	16	37	10.000000
77	88	3	6.000000
78	59	68	9.000000
79	30	51	10.000000
80	36	6	10.000000
81	42	30	8.000000
82	67	46	9.000000
83	31	71	10.000000
84	80	63	9.000000
85	89	46	1.000000
86	24	68	3.000000
87	68	28	8.000000
88	64	26	4.000000
89	41	5	2.000000
90	8	70	7.000000
91	57	25	1.000000
92	18	5	8.000000
93	18	48	1.000000
94	33	19	1.000000
95	62	0	2.000000
96	84	47	7.000000
97	12	52	6.000000
98	64	76	7.000000
99	87	31	5.000000
100	40	61	5.000000
101	38	75	9.000000
102	55	32	6.000000
103	12	61	6.000000
104	7	30	4.000000
105	86	19	4.000000
106	38	69	10.000000
107	70	48	5.000000
108	40	36	1.000000
109	57	9	8.000000
110	25	78	4.000000
111	30	84	2.000000
112	24	88	5.000000
113	2	80	3.000000
114	84	19	2.000000
115	69	72	5.000000
116	35	83	3.000000
117	64	48	4.000000
118	81	44	2.000000
119	41	64	8.000000
120	41	3	5.000000
121	82	77	1.000000
122	80	85	1.000000
123	45	39	4.000000
124	16	55	1.000000
125	72	63	1.000000
126	31	17	6.000000
127	82	35	7.000000
128	80	12	8.000000
129	72	44	4.000000
130	74	56	3.000000
131	48	88	3.000000
132	32	46	2.000000
133	10	77	9.000000
134	64	50	10.000000
135 13  2   1.000000
136 2   52  1.000000
137 79  1   1.000000
138 1   29  1.000000
139 29  22  1.000000
140 22  14  1.000000
141 14  13  1.000000
142 13  4   1.000000
143 4   2   1.000000
144 2   21  1.000000
145 21  15  1.000000
146 15  54  1.000000
147 54  60  1.000000
148 60  58  1.000000
149 58  43  1.000000
150 43  49  1.000000
151 49  79  1.000000
152 6   27  1.000000
153 27  20  1.000000
154 20  11  1.000000
155 11  73  1.000000
156 73  66  1.000000
157 28  59  1.000000
